Best F1 Score: 0.8814685649118935
Best Parameters:
KLOPFALGO_HfaLatchedCounterThr_u8: 14.206659880966079
KLOPFALGO_HfaThrZLatched_s16: 9157.117313805953
KLOPFALGO_VelLatchedCounterThr_u8: 13.096780197329261
KLOPFALGO_VelThrZLatched_s32: 7791.574104703621
KLOPFALGO_VelVeryHighCounterThr_u8: 7.542977515465478
KLOPFALGO_WinkelThrXLatched_s16: 6.348913186989436
